Square: 2675
Pereimeter: 222
Density: 18.42392523364486
Elongation : 4.620059976342114
Center of mass x=50.81752203214101 y=19.12649040953862
Static moments:
stM02=152131.13634007258
stM11=702855.767755313
stM20=-77766.47537584243
Height: 87
Width: 40
