Square: 523
Pereimeter: 147
Density: 41.31739961759082
Elongation : 29.04820875066406
Center of mass x=41.70876288659794 y=6.680412371134018
Static moments:
stM02=3868.3711340206146
stM11=112368.09020618554
stM20=4195.8865979381435
Height: 16
Width: 64
