Square: 150
Pereimeter: 44
Density: 12.906666666666666
Elongation : 2.235119301690063
Center of mass x=5.6415094339622645 y=4.339622641509434
Static moments:
stM02=167.88679245283012
stM11=376.188679245283
stM20=-60.54716981132078
Height: 11
Width: 8
