Square: 521
Pereimeter: 148
Density: 42.04222648752399
Elongation : 25.74359682949227
Center of mass x=39.039408866995075 y=7.059113300492612
Static moments:
stM02=5024.581280788189
stM11=129347.36945812801
stM20=15923.054187192125
Height: 16
Width: 63
