Square: 528
Pereimeter: 129
Density: 31.517045454545453
Elongation : 20.781443283636186
Center of mass x=39.417910447761194 y=8.73880597014925
Static moments:
stM02=4993.5746268656685
stM11=103775.7910447761
stM20=-9538.119402985074
Height: 60
Width: 15
