Square: 497
Pereimeter: 143
Density: 41.14486921529175
Elongation : 32.01510208460404
Center of mass x=38.01578947368421 y=6.534210526315789
Static moments:
stM02=3646.5552631579035
stM11=116747.90526315781
stM20=-10504.205263157897
Height: 14
Width: 62
