Square: 160
Pereimeter: 39
Density: 9.50625
Elongation : 1.2080896942920811
Center of mass x=4.128205128205129 y=3.5384615384615383
Static moments:
stM02=125.69230769230772
stM11=148.35897435897434
stM20=38.30769230769231
Height: 7
Width: 7
