Square: 458
Pereimeter: 246
Density: 132.13100436681222
Elongation : 474.13360819801625
Center of mass x=63.109034267912776 y=4.429906542056074
Static moments:
stM02=836.6728971962654
stM11=396711.1838006231
stM20=-13701.046728971955
Height: 118
Width: 8
