Square: 967
Pereimeter: 210
Density: 45.60496380558428
Elongation : 2.0898842086833302
Center of mass x=36.801899592944366 y=23.298507462686572
Static moments:
stM02=74366.32835820908
stM11=155415.0773405698
stM20=50833.582089552234
Height: 65
Width: 47
