Square: 134
Pereimeter: 37
Density: 10.216417910447761
Elongation : 2.0898847799988394
Center of mass x=4.909090909090909 y=2.545454545454545
Static moments:
stM02=31.45454545454544
stM11=65.81818181818181
stM20=-0.9090909090909078
Height: 8
Width: 5
