Square: 532
Pereimeter: 147
Density: 40.61842105263158
Elongation : 36.9210002693436
Center of mass x=42.486577181208055 y=6.946308724832214
Static moments:
stM02=2297.140939597314
stM11=84812.44630872486
stM20=641.7852348993282
Height: 13
Width: 64
