Square: 139
Pereimeter: 32
Density: 7.366906474820144
Elongation : 1.3689262128104254
Center of mass x=4.225806451612903 y=3.32258064516129
Static moments:
stM02=74.77419354838713
stM11=101.41935483870967
stM20=10.741935483870966
Height: 8
Width: 7
