Square: 641
Pereimeter: 149
Density: 34.63494539781591
Elongation : 1.6246174346838027
Center of mass x=20.8135593220339 y=16.141242937853107
Static moments:
stM02=15720.937853107354
stM11=25539.694915254215
stM20=3048.3220338983047
Height: 36
Width: 28
